0 0 0 0 0 0 0 0 0 0 0 0 0 0 0 0 0 0 0 0 0 0 0 0 0 0 0 0 0 0 0 0 0 0 0 0 0 0 0 
0 0 0 0 0 0 0 0 0 0 0 0 0 0 0 0 0 0 0 0 0 0 0 0 0 0 0 0 0 0 0 0 0 0 0 0 0 0 0 
0 0 0 0 0 0 0 0 0 0 0 0 0 0 0 0 0 0 0 0 0 0 0 0 0 0 0 0 0 0 0 0 0 0 0 0 0 0 0 
0 0 0 0 0 0 0 0 0 0 0 0 0 0 0 0 0 0 0 0 0 0 0 0 0 0 0 0 0 0 0 0 0 0 0 0 0 0 0 
0 0 0 0 0 0 0 0 0 0 0 0 0 0 0 0 0 0 0 0 0 0 0 0 0 0 0 0 0 0 0 0 0 0 0 0 0 0 0 
0 0 0 0 0 0 0 0 0 0 0 0 0 0 0 0 0 0 0 0 0 0 0 0 0 0 0 0 0 0 0 0 0 0 0 0 0 0 0 
0 0 0 0 0 0 0 0 0 0 0 0 0 0 0 0 0 0 0 0 0 0 0 0 0 0 0 0 0 0 0 0 0 0 0 0 0 0 0 
0 0 0 0 0 0 0 0 0 0 0 0 0 0 0 0 0 0 0 0 0 0 0 0 0 0 0 0 0 0 0 0 0 0 0 0 0 0 0 
0 0 0 0 0 0 0 0 0 0 0 0 0 0 0 0 0 0 0 0 0 0 0 0 0 0 0 0 0 0 0 0 0 0 0 0 0 0 0 
0 0 0 0 0 0 0 0 0 0 0 0 0 0 0 0 0 0 0 0 0 0 0 0 0 0 0 0 0 0 0 0 0 0 0 0 0 0 0 
0 0 0 0 0 0 0 0 0 0 0 0 0 0 0 0 0 0 0 0 0 0 0 0 0 0 0 0 0 0 0 0 0 0 0 0 0 0 0 
0 0 0 0 0 0 0 0 0 0 0 0 0 0 0 0 0 0 0 0 0 0 0 0 0 0 0 0 0 0 0 0 0 0 0 0 0 0 0 
0 0 0 0 0 0 0 0 0 0 0 0 0 0 0 0 0 0 0 0 0 0 0 0 0 0 0 0 0 0 0 0 0 0 0 0 0 0 0 
0 0 0 0 0 0 0 0 0 0 0 0 0 0 0 0 0 0 0 0 0 0 0 0 0 0 0 0 0 0 0 0 0 0 0 0 0 0 0 
0 0 0 0 0 0 0 0 0 0 0 0 0 0 0 0 0 0 0 0 0 0 0 0 0 0 0 0 0 0 0 0 0 0 0 0 0 0 0 
0 0 0 0 0 0 0 0 0 0 0 0 0 0 0 0 0 0 0 0 0 0 0 0 0 0 0 0 0 0 0 0 0 0 0 0 0 0 0 
0 0 0 0 0 0 0 0 0 0 0 0 0 0 0 0 0 0 0 0 0 0 0 0 0 0 0 0 0 0 0 0 0 0 0 0 0 0 0 
0 0 0 0 0 0 0 0 0 0 0 0 0 0 0 0 0 0 0 0 0 0 0 0 0 0 0 0 0 0 0 0 0 0 0 0 0 0 0 
0 0 0 0 0 0 0 0 0 0 0 0 0 0 0 0 0 0 0 0 0 0 0 0 0 0 0 0 0 0 0 0 0 0 0 0 0 0 0 
0 0 0 0 0 0 0 0 0 0 0 0 0 0 0 0 0 0 0 0 0 0 0 0 0 0 0 0 0 0 0 0 0 0 0 0 0 0 0 
0 0 0 0 0 0 0 0 0 0 0 0 0 0 0 0 0 0 0 0 0 0 0 0 0 0 0 0 0 0 0 0 0 0 0 0 0 0 0 
0 0 0 0 0 0 0 0 0 0 0 0 0 0 0 0 0 0 0 0 0 0 0 0 0 0 0 0 0 0 0 0 0 0 0 0 0 0 0 
0 0 0 0 0 0 0 0 0 0 0 0 0 0 0 0 0 0 0 0 0 0 0 0 0 0 0 0 0 0 0 0 0 0 0 0 0 0 0 
0 0 0 0 0 0 0 0 0 0 0 0 0 0 0 0 0 0 0 0 0 0 0 0 0 0 0 0 0 0 0 0 0 0 0 0 0 0 0 
0 0 0 0 0 0 0 0 0 0 0 0 0 0 0 0 0 0 0 0 0 0 0 0 0 0 0 0 0 0 0 0 0 0 0 0 0 0 0 
0 0 0 0 0 0 0 0 0 0 0 0 0 0 0 0 0 0 0 0 0 0 0 0 0 0 0 0 0 0 0 0 0 0 0 0 0 0 0 
0 0 0 0 0 0 0 0 0 0 0 0 0 0 0 0 0 0 0 0 0 0 0 0 0 0 0 0 0 0 0 0 0 0 0 0 0 0 0 
0 0 0 0 0 0 0 0 0 0 0 0 0 0 0 0 0 0 0 0 0 0 0 0 0 0 0 0 0 0 0 0 0 0 0 0 0 0 0 
0 0 0 0 0 0 0 0 0 0 0 0 0 0 0 0 0 0 0 0 0 0 0 0 0 0 0 0 0 0 0 0 0 0 0 0 0 0 0 
0 0 0 0 0 0 0 0 0 0 0 0 0 0 0 0 0 0 0 0 0 0 0 0 0 0 0 0 0 0 0 0 0 0 0 0 0 0 0 
0 0 0 0 0 0 0 0 0 0 0 0 0 0 0 0 0 0 0 0 0 0 0 0 0 0 0 0 0 0 0 0 0 0 0 0 0 0 0 
0 0 0 0 0 0 0 0 0 0 0 0 0 0 0 0 0 0 0 0 0 0 0 0 0 0 0 0 0 0 0 0 0 0 0 0 0 0 0 
0 0 0 0 0 0 0 0 0 0 0 0 0 0 0 0 0 0 0 0 0 0 0 0 0 0 0 0 0 0 0 0 0 0 0 0 0 0 0 
0 0 0 0 0 0 0 0 0 0 0 0 0 0 0 0 0 0 0 0 0 0 0 0 0 0 0 0 0 0 0 0 0 0 0 0 0 0 0 
0 0 0 0 0 0 0 0 0 0 0 0 0 0 0 0 0 0 0 0 0 0 0 0 0 0 0 0 0 0 0 0 0 0 0 0 0 0 0 
0 0 0 0 0 0 0 0 0 0 0 0 0 0 0 0 0 0 0 0 0 0 0 0 0 0 0 0 0 0 0 0 0 0 0 0 0 0 0 
0 0 0 0 0 0 0 0 0 0 0 0 0 0 0 0 0 0 0 0 0 0 0 0 0 0 0 0 0 0 0 0 0 0 0 0 0 0 0 
0 0 0 0 0 0 0 0 0 0 0 0 0 0 0 0 0 0 0 0 0 0 0 0 0 0 0 0 0 0 0 0 0 0 0 0 0 0 0 
0 0 0 0 0 0 0 0 0 0 0 0 0 0 0 0 0 0 0 0 0 0 0 0 0 0 0 0 0 0 0 0 0 0 0 0 0 0 0 
0 0 0 0 0 0 0 0 0 0 0 0 0 0 0 0 0 0 0 0 0 0 0 0 0 0 0 0 0 0 0 0 0 0 0 0 0 0 0 
0 0 0 0 0 0 0 0 0 0 0 0 0 0 0 0 0 0 0 0 0 0 0 0 0 0 0 0 0 0 0 0 0 0 0 0 0 0 0 
0 0 0 0 0 0 0 0 0 0 0 0 0 0 0 0 0 0 0 0 0 0 0 0 0 0 0 0 0 0 0 0 0 0 0 0 0 0 0 
0 0 0 0 0 0 0 0 0 0 0 0 0 0 0 0 0 0 0 0 0 0 0 0 0 0 0 0 0 0 0 0 0 0 0 0 0 0 0 
0 0 0 0 0 0 0 0 0 0 0 0 0 0 0 0 0 0 0 0 0 0 0 0 0 0 0 0 0 0 0 0 0 0 0 0 0 0 0 
0 0 0 0 0 0 0 0 0 0 0 0 0 0 0 0 0 0 0 0 0 0 0 0 0 0 0 0 0 0 0 0 0 0 0 0 0 0 0 
0 0 0 0 0 0 0 0 0 0 0 0 0 0 0 0 0 0 0 0 0 0 0 0 0 0 0 0 0 0 0 0 0 0 0 0 0 0 0 
0 0 0 0 0 0 0 0 0 0 0 0 0 0 0 0 0 0 0 0 0 0 0 0 0 0 0 0 0 0 0 0 0 0 0 0 0 0 0 
0 0 0 0 0 0 0 0 0 0 0 0 0 0 0 0 0 0 0 0 0 0 0 0 0 0 0 0 0 0 0 0 0 0 0 0 0 0 0 
0 0 0 0 0 0 0 0 0 0 0 0 0 0 0 0 0 0 0 0 0 0 0 0 0 0 0 0 0 0 0 0 0 0 0 0 0 0 0 
0 0 0 0 0 0 0 0 0 0 0 0 0 0 0 0 0 0 0 0 0 0 0 0 0 0 0 0 0 0 0 0 0 0 0 0 0 0 0 
0 0 0 0 0 0 0 0 0 0 0 0 0 0 0 0 0 0 0 0 0 0 0 0 0 0 0 0 0 0 0 0 0 0 0 0 0 0 0 
0 0 0 0 0 0 0 0 0 0 0 0 0 0 0 0 0 0 0 0 0 0 0 0 0 0 0 0 0 0 0 0 0 0 0 0 0 0 0 
0 0 0 0 0 0 0 0 0 0 0 0 0 0 0 0 0 0 0 0 0 0 0 0 0 0 0 0 0 0 0 0 0 0 0 0 0 0 0 
0 0 0 0 0 0 0 0 0 0 0 0 0 0 0 0 0 0 0 0 0 0 0 0 0 0 0 0 0 0 0 0 0 0 0 0 0 0 0 
0 0 0 0 0 0 0 0 0 0 0 0 0 0 0 0 0 0 0 0 0 0 0 0 0 0 0 0 0 0 0 0 0 0 0 0 0 0 0 
0 0 0 0 0 0 0 0 0 0 0 0 0 0 0 0 0 0 0 0 0 0 0 0 0 0 0 0 0 0 0 0 0 0 0 0 0 0 0 
0 0 0 0 0 0 0 0 0 0 0 0 0 0 0 0 0 0 0 0 0 0 0 0 0 0 0 0 0 0 0 0 0 0 0 0 0 0 0 
0 0 0 0 0 0 0 0 0 0 0 0 0 0 0 0 0 0 0 0 0 0 0 0 0 0 0 0 0 0 0 0 0 0 0 0 0 0 0 
0 0 0 0 0 0 0 0 0 0 0 0 0 0 0 0 0 0 0 0 0 0 0 0 0 0 0 0 0 0 0 0 0 0 0 0 0 0 0 
0 0 0 0 0 0 0 0 0 0 0 0 0 0 0 0 0 0 0 0 0 0 0 0 0 0 0 0 0 0 0 0 0 0 0 0 0 0 0 
0 0 0 0 0 0 0 0 0 0 0 0 0 0 0 0 0 0 0 0 0 0 0 0 0 0 0 0 0 0 0 0 0 0 0 0 0 0 0 
0 0 0 0 0 0 0 0 0 0 0 0 0 0 0 0 0 0 0 0 0 0 0 0 0 0 0 0 0 0 0 0 0 0 0 0 0 0 0 
0 0 0 0 0 0 0 0 0 0 0 0 0 0 0 0 0 0 0 0 0 0 0 0 0 0 0 0 0 0 0 0 0 0 0 0 0 0 0 
0 0 0 0 0 0 0 0 0 0 0 0 0 0 0 0 0 0 0 0 0 0 0 0 0 0 0 0 0 0 0 0 0 0 0 0 0 0 0 
0 0 0 0 0 0 0 0 0 0 0 0 0 0 0 0 0 0 0 0 0 0 0 0 0 0 0 0 0 0 0 0 0 0 0 0 0 0 0 
0 0 0 0 0 0 0 0 0 0 0 0 0 0 0 0 0 0 0 0 0 0 0 0 0 0 0 0 0 0 0 0 0 0 0 0 0 0 0 
0 0 0 0 0 0 0 0 0 0 0 0 0 0 0 0 0 0 0 0 0 0 0 0 0 0 0 0 0 0 0 0 0 0 0 0 0 0 0 
0 0 0 0 0 0 0 0 0 0 0 0 0 0 0 0 0 0 0 0 0 0 0 0 0 0 0 0 0 0 0 0 0 0 0 0 0 0 0 
0 0 0 0 0 0 0 0 0 0 0 0 0 0 0 0 0 0 0 0 0 0 0 0 0 0 0 0 0 0 0 0 0 0 0 0 0 0 0 
0 0 0 0 0 0 0 0 0 0 0 0 0 0 0 0 0 0 0 0 0 0 0 0 0 0 0 0 0 0 0 0 0 0 0 0 0 0 0 
0 0 0 0 0 0 0 0 0 0 0 0 0 0 0 0 0 0 0 0 0 0 0 0 0 0 0 0 0 0 0 0 0 0 0 0 0 0 0 
0 0 0 0 0 0 0 0 0 0 0 0 0 0 0 0 0 0 0 0 0 0 0 0 0 0 0 0 0 0 0 0 0 0 0 0 0 0 0 
0 0 0 0 0 0 0 0 0 0 0 0 0 0 0 0 0 0 0 0 0 0 0 0 0 0 0 0 0 0 0 0 0 0 0 0 0 0 0 
0 0 0 0 0 0 0 0 0 0 0 0 0 0 0 0 0 0 0 0 0 0 0 0 0 0 0 0 0 0 0 0 0 0 0 0 0 0 0 
0 0 0 0 0 0 0 0 0 0 0 0 0 0 0 0 0 0 0 0 0 0 0 0 0 0 0 0 0 0 0 0 0 0 0 0 0 0 0 
0 0 0 0 0 0 0 0 0 0 0 0 0 0 0 0 0 0 0 0 0 0 0 0 0 0 0 0 0 0 0 0 0 0 0 0 0 0 0 
0 0 0 0 0 0 0 0 0 0 0 0 0 0 0 0 0 0 0 0 0 0 0 0 0 0 0 93 62 43 0 0 0 0 0 0 
0 0 0 0 0 0 0 0 0 93 62 43 0 0 0 0 0 0 0 0 0 0 0 0 0 0 0 0 0 0 0 0 0 0 0 0 
0 0 0 0 0 0 0 0 0 0 0 0 0 0 0 0 0 0 0 0 0 0 0 0 0 0 0 0 0 0 0 0 0 0 0 0 0 0 0 
0 0 0 0 0 0 0 0 0 0 0 0 0 0 0 0 0 0 0 0 0 0 0 0 0 0 0 0 0 0 0 0 0 0 0 0 0 0 0 
0 0 0 0 0 0 0 0 0 0 0 0 0 0 0 0 0 0 0 0 0 0 0 0 0 0 0 0 0 0 0 0 0 0 0 0 0 0 0 
0 0 0 0 0 0 0 0 0 0 0 0 0 0 0 0 0 0 0 0 0 78 51 35 0 0 0 111 70 49 91 60 40 
92 61 43 93 62 42 93 63 43 93 62 42 90 60 42 92 60 41 0 0 0 62 40 33 104 67 33 
0 0 0 0 0 0 0 0 0 0 0 0 0 0 0 0 0 0 0 0 0 0 0 0 0 0 0 0 0 0 0 0 0 0 0 0 0 0 0 
0 0 0 0 0 0 0 0 0 0 0 0 0 0 0 0 0 0 0 0 0 0 0 0 0 0 0 0 0 0 0 0 0 0 0 0 0 0 0 
0 0 0 0 0 0 0 0 0 0 0 0 0 0 0 0 0 0 0 0 0 0 0 0 0 0 0 0 0 0 0 0 0 0 0 0 0 0 0 
0 0 0 0 0 0 0 0 0 0 0 0 0 0 0 0 0 0 0 0 0 0 0 0 0 0 0 0 0 0 0 0 0 0 0 0 80 50 34 
77 49 33 78 50 34 73 47 32 70 44 30 68 42 29 67 42 28 68 42 28 69 44 29 
73 46 31 74 47 32 103 67 41 77 54 22 0 0 0 0 0 0 0 0 0 0 0 0 0 0 0 0 0 0 0 0 0 
0 0 0 0 0 0 0 0 0 0 0 0 0 0 0 0 0 0 0 0 0 0 0 0 0 0 0 0 0 0 0 0 0 0 0 0 0 0 0 
0 0 0 0 0 0 0 0 0 0 0 0 0 0 0 0 0 0 0 0 0 0 0 0 0 0 0 0 0 0 0 0 0 0 0 0 0 0 0 
0 0 0 0 0 0 0 0 0 0 0 0 0 0 0 0 0 0 0 0 0 0 0 0 0 0 0 0 0 0 0 0 0 0 0 0 0 0 0 
0 0 0 0 0 0 0 0 0 0 0 0 61 39 26 63 40 26 59 37 24 55 33 22 54 32 20 54 31 20 
53 31 20 53 31 20 53 31 20 53 31 20 54 32 21 59 37 24 62 39 26 69 47 26 
0 0 0 0 0 0 0 0 0 0 0 0 0 0 0 0 0 0 0 0 0 0 0 0 0 0 0 0 0 0 0 0 0 0 0 0 0 0 0 
0 0 0 0 0 0 0 0 0 0 0 0 0 0 0 0 0 0 0 0 0 0 0 0 0 0 0 0 0 0 0 0 0 0 0 0 0 0 0 
0 0 0 0 0 0 0 0 0 0 0 0 0 0 0 0 0 0 0 0 0 0 0 0 0 0 0 0 0 0 0 0 0 0 0 0 0 0 0 
0 0 0 0 0 0 0 0 0 0 0 0 0 0 0 0 0 0 0 0 0 0 0 0 0 0 0 19 4 0 44 26 15 49 29 18 
46 28 17 46 27 18 46 27 17 47 28 17 47 28 18 47 28 18 47 28 18 46 28 18 
46 28 17 52 33 20 47 28 17 47 28 18 47 30 18 43 26 16 0 0 0 224 206 182 
0 0 0 0 0 0 0 0 0 0 0 0 0 0 0 0 0 0 0 0 0 0 0 0 0 0 0 0 0 0 0 0 0 0 0 0 0 0 0 
0 0 0 0 0 0 0 0 0 0 0 0 0 0 0 0 0 0 0 0 0 0 0 0 0 0 0 0 0 0 0 0 0 0 0 0 0 0 0 
0 0 0 0 0 0 0 0 0 0 0 0 0 0 0 0 0 0 0 0 0 0 0 0 0 0 0 0 0 0 0 0 0 0 0 0 0 0 0 
0 0 0 0 0 0 0 0 0 0 0 0 0 0 0 222 204 182 0 0 0 45 29 20 38 22 12 38 22 13 
38 22 12 37 22 12 37 23 12 37 22 12 37 22 12 37 22 12 37 22 12 35 21 12 
51 36 19 38 22 13 37 22 12 39 24 14 49 34 24 87 71 58 0 0 0 0 0 0 0 0 0 0 0 0 
0 0 0 0 0 0 0 0 0 0 0 0 0 0 0 0 0 0 0 0 0 0 0 0 0 0 0 0 0 0 0 0 0 0 0 0 0 0 0 
0 0 0 0 0 0 0 0 0 0 0 0 0 0 0 0 0 0 0 0 0 0 0 0 0 0 0 0 0 0 0 0 0 0 0 0 0 0 0 
0 0 0 0 0 0 0 0 0 0 0 0 0 0 0 0 0 0 0 0 0 0 0 0 0 0 0 0 0 0 0 0 0 0 0 0 0 0 0 
0 0 0 0 0 0 0 0 0 75 60 49 41 27 19 32 19 10 34 19 10 36 21 11 37 20 10 
35 20 10 34 19 10 36 20 11 41 23 12 44 24 12 44 26 13 40 24 11 36 20 10 
40 22 11 38 22 12 47 33 24 78 61 52 0 0 0 0 0 0 0 0 0 0 0 0 0 0 0 0 0 0 0 0 0 
0 0 0 0 0 0 0 0 0 0 0 0 0 0 0 0 0 0 0 0 0 0 0 0 0 0 0 0 0 0 0 0 0 0 0 0 0 0 0 
0 0 0 0 0 0 0 0 0 0 0 0 0 0 0 0 0 0 0 0 0 0 0 0 0 0 0 0 0 0 0 0 0 0 0 0 0 0 0 
0 0 0 0 0 0 0 0 0 0 0 0 0 0 0 0 0 0 0 0 0 0 0 0 0 0 0 0 0 0 0 0 0 0 0 0 0 0 0 
90 74 64 27 15 8 34 18 9 33 17 8 28 16 7 29 15 7 32 18 8 35 18 8 30 15 6 
17 5 0 65 44 28 122 88 65 154 109 80 147 100 69 88 55 33 22 11 4 28 15 7 
55 41 33 120 105 93 0 0 0 0 0 0 0 0 0 0 0 0 0 0 0 0 0 0 0 0 0 0 0 0 0 0 0 
0 0 0 0 0 0 0 0 0 0 0 0 0 0 0 0 0 0 0 0 0 0 0 0 0 0 0 0 0 0 0 0 0 0 0 0 0 0 0 
0 0 0 0 0 0 0 0 0 0 0 0 0 0 0 0 0 0 157 203 17 0 0 0 0 0 0 157 204 14 
170 219 17 0 0 0 0 0 0 0 0 0 29 60 19 0 0 0 0 0 0 0 0 0 0 0 0 0 0 0 0 0 0 
0 0 0 255 255 255 77 64 55 23 10 3 24 11 4 102 68 47 131 92 66 126 91 67 
117 85 64 115 86 67 143 113 91 217 180 153 241 211 187 239 215 196 240 215 192 
240 204 176 234 180 143 156 104 69 17 7 2 23 13 6 110 95 84 0 0 0 0 0 0 0 0 0 
0 0 0 0 0 0 0 0 0 0 0 0 0 0 0 0 0 0 0 0 0 0 0 0 0 0 0 0 0 0 0 0 0 0 0 0 0 0 0 
0 0 0 0 0 0 0 0 0 0 0 0 0 0 0 0 0 0 0 0 0 0 0 0 119 162 16 0 0 0 0 0 0 68 93 16 
168 216 16 178 227 16 186 236 16 193 244 16 199 250 15 192 242 16 184 234 16 
175 225 16 160 208 16 0 0 0 0 0 0 0 0 0 0 0 0 0 0 0 0 0 0 0 0 0 111 96 86 
64 53 45 23 10 3 222 166 127 245 200 166 245 208 177 243 210 183 242 213 189 
242 218 196 243 224 206 246 231 216 248 237 225 248 238 225 247 233 218 
248 227 207 248 215 188 238 183 144 76 46 29 14 5 0 82 69 61 0 0 0 0 0 0 0 0 0 
0 0 0 0 0 0 0 0 0 0 0 0 0 0 0 0 0 0 0 0 0 0 0 0 0 0 0 0 0 0 0 0 0 0 0 0 0 0 0 
0 0 0 0 0 0 0 0 0 0 0 0 0 0 0 0 0 0 0 0 0 0 0 0 149 197 14 160 211 15 
171 221 15 179 232 15 188 240 15 193 246 14 194 247 15 194 246 15 194 246 15 
194 246 15 194 247 15 192 246 15 187 240 15 177 229 15 169 220 15 157 206 15 
134 181 14 0 0 0 0 0 0 150 200 15 27 16 12 26 17 14 130 93 68 249 206 173 
253 220 191 251 222 196 250 225 201 248 227 208 247 230 212 247 233 217 
247 235 221 248 236 224 248 236 223 247 233 219 247 229 210 250 223 198 
246 205 171 160 113 79 6 1 0 23 14 8 0 0 0 0 0 0 0 0 0 0 0 0 0 0 0 0 0 0 0 0 0 
0 0 0 0 0 0 0 0 0 0 0 0 0 0 0 0 0 0 0 0 0 0 0 0 0 0 0 0 0 0 132 184 14 
0 0 0 0 0 0 129 178 15 142 192 14 154 206 14 161 215 14 171 225 14 177 232 14 
178 234 13 178 233 13 178 233 13 178 233 13 178 233 13 178 233 13 178 233 13 
178 233 13 178 233 13 177 233 13 178 233 13 178 233 13 178 234 13 176 231 14 
171 224 14 159 212 14 151 202 14 137 187 13 106 151 18 1 0 0 198 150 116 
251 213 182 252 220 192 251 223 197 249 225 203 248 228 208 246 230 213 
246 232 216 247 234 219 247 235 221 248 235 220 247 232 216 247 229 210 
250 224 201 250 214 184 214 158 118 0 0 0 19 9 2 0 0 0 0 0 0 0 0 0 0 0 0 0 0 0 
0 0 0 0 0 0 0 0 0 0 0 0 0 0 0 0 0 0 0 0 0 0 0 0 0 0 0 0 0 0 0 0 0 115 166 13 
133 181 14 135 188 13 144 198 13 153 209 13 161 217 13 163 221 12 163 220 12 
163 220 12 163 220 12 163 220 12 163 220 12 163 220 12 163 220 12 163 220 12 
163 220 12 163 220 12 163 220 12 163 220 12 163 220 12 163 220 12 163 220 12 
163 220 12 163 220 12 163 220 12 163 220 12 163 220 12 159 217 12 161 220 13 
6 0 0 228 174 136 252 214 184 252 220 193 251 223 198 249 225 203 248 227 207 
247 229 211 247 231 215 246 232 216 247 233 218 247 233 217 246 230 214 
248 228 209 250 225 201 251 217 188 239 180 139 0 0 0 125 103 84 0 0 0 0 0 0 
0 0 0 0 0 0 0 0 0 0 0 0 0 0 0 0 0 0 0 0 0 0 0 0 0 0 0 0 0 0 0 0 0 0 0 0 0 0 0 
0 0 0 39 101 6 72 138 6 121 183 9 152 210 12 149 208 12 147 206 12 147 206 11 
147 206 11 147 206 11 147 206 11 147 206 11 147 206 11 147 206 11 147 206 11 
147 206 11 147 206 11 147 206 11 147 206 11 147 206 11 147 206 11 147 206 11 
147 206 11 147 206 11 147 206 11 147 206 11 147 206 11 147 206 11 147 206 11 
194 208 96 71 56 47 230 181 145 249 214 184 252 220 193 251 223 197 
249 225 202 248 226 206 247 228 209 246 230 212 247 231 214 247 231 215 
247 231 214 247 229 211 248 227 206 250 224 200 251 218 189 239 184 144 
0 0 0 222 193 162 0 0 0 0 0 0 0 0 0 0 0 0 0 0 0 0 0 0 0 0 0 0 0 0 0 0 0 0 0 0 
0 0 0 0 0 0 0 0 0 0 0 0 0 0 0 0 0 0 39 100 7 49 118 4 56 126 3 69 137 9 
111 171 21 139 196 27 134 194 12 132 193 11 132 193 9 131 193 9 131 193 9 
131 193 10 131 193 10 131 193 10 131 193 10 131 193 10 131 193 10 131 193 10 
131 193 10 131 193 10 131 193 10 131 193 10 131 193 9 132 193 8 132 193 10 
133 194 11 135 195 15 131 189 27 134 174 57 137 113 98 228 181 147 249 213 181 
252 220 192 251 222 196 250 224 200 249 226 203 248 227 207 247 228 209 
247 229 211 247 229 212 247 228 210 248 228 208 249 226 203 251 223 198 
251 216 188 241 188 148 57 44 33 243 213 181 221 194 164 0 0 0 0 0 0 0 0 0 
0 0 0 0 0 0 0 0 0 0 0 0 0 0 0 0 0 0 0 0 0 0 0 0 0 0 0 0 0 0 0 0 0 0 0 0 35 94 8 
44 114 3 54 123 4 62 131 4 69 138 6 84 148 18 122 175 51 145 194 64 127 184 26 
119 181 13 117 179 9 116 179 7 116 179 8 117 179 8 117 179 9 117 179 9 
117 179 9 117 179 9 117 179 9 117 179 8 116 179 8 117 179 8 118 180 11 
119 181 14 134 188 39 135 185 56 105 164 36 78 144 9 67 138 0 202 172 150 
222 178 146 247 211 179 253 219 190 251 221 194 250 223 198 249 224 201 
248 226 204 248 227 206 248 227 208 248 228 208 248 227 207 249 226 204 
250 223 200 251 222 195 251 215 185 233 186 151 142 121 102 226 198 167 
0 0 0 0 0 0 0 0 0 0 0 0 0 0 0 0 0 0 0 0 0 0 0 0 0 0 0 0 0 0 0 0 0 0 0 0 0 0 0 
0 0 0 0 0 0 0 0 0 33 90 8 40 110 4 48 120 3 57 127 3 65 134 4 74 141 5 
82 150 8 97 160 19 144 190 80 168 205 112 142 190 72 107 170 20 104 167 12 
101 166 7 101 166 7 101 166 7 101 166 7 101 166 7 101 166 7 101 165 8 
105 167 14 114 174 29 155 197 91 153 195 92 116 171 47 86 151 9 79 146 8 
72 139 4 60 131 0 175 177 119 220 177 146 246 208 176 253 218 189 252 220 193 
251 221 196 250 223 199 250 224 201 249 225 203 249 226 204 249 226 204 
249 225 203 250 224 200 251 223 196 252 220 192 253 215 184 228 188 156 
222 194 163 0 0 0 0 0 0 0 0 0 0 0 0 0 0 0 0 0 0 0 0 0 0 0 0 0 0 0 0 0 0 0 0 0 
0 0 0 0 0 0 0 0 0 0 0 0 0 0 0 0 0 0 28 86 8 35 105 3 44 116 3 52 122 3 
61 130 4 69 138 5 77 144 5 86 152 6 95 160 10 109 171 17 157 201 88 201 225 163 
178 208 140 118 171 55 95 157 20 87 153 10 84 152 6 90 155 14 97 159 23 
137 183 82 187 215 151 176 209 126 118 174 40 94 159 12 84 151 6 78 145 5 
71 140 4 65 134 4 58 129 3 68 130 19 216 176 146 242 204 172 254 217 186 
253 219 190 251 221 193 251 222 196 250 223 198 250 224 200 250 224 200 
250 224 201 250 223 199 251 222 197 251 221 194 253 219 189 251 214 183 
243 204 171 0 0 0 221 194 164 0 0 0 0 0 0 0 0 0 0 0 0 0 0 0 0 0 0 0 0 0 0 0 0 
0 0 0 0 0 0 0 0 0 0 0 0 0 0 0 0 0 0 0 0 0 0 0 0 26 82 8 30 100 3 39 111 2 
47 119 3 55 125 4 64 133 4 73 141 5 81 147 6 89 155 6 97 162 6 106 170 10 
120 180 19 162 205 80 225 240 192 225 236 212 170 201 140 140 182 99 
189 213 164 225 238 208 182 214 129 118 177 31 101 165 12 92 157 6 84 150 5 
77 145 5 71 140 4 65 134 4 58 129 3 53 122 3 43 116 0 133 143 74 236 195 164 
253 215 183 253 218 188 252 219 191 251 220 193 251 221 195 251 222 196 
251 222 197 251 222 196 251 222 195 252 221 193 252 218 190 254 217 186 
249 212 180 243 204 171 0 0 0 0 0 0 0 0 0 0 0 0 0 0 0 0 0 0 0 0 0 0 0 0 0 0 0 
0 0 0 0 0 0 0 0 0 0 0 0 0 0 0 0 0 0 0 0 0 0 0 0 0 0 0 23 78 9 26 97 3 34 106 2 
43 114 3 50 122 3 59 129 4 68 137 5 76 143 5 84 151 5 93 158 7 101 165 7 
109 173 6 118 180 10 133 191 22 171 213 84 239 248 216 252 254 246 187 218 134 
125 183 34 107 169 12 98 162 6 91 156 6 84 150 5 77 145 5 71 140 4 65 134 4 
58 129 3 53 122 3 46 117 2 39 112 1 57 114 20 235 187 160 249 211 178 
254 217 185 253 218 188 253 219 190 252 220 192 252 220 193 252 221 193 
252 220 193 252 219 192 253 219 189 253 217 187 253 216 184 246 206 174 
242 201 169 0 0 0 0 0 0 0 0 0 0 0 0 0 0 0 0 0 0 0 0 0 0 0 0 0 0 0 0 0 0 0 0 0 
0 0 0 0 0 0 0 0 0 0 0 0 0 0 0 0 0 0 0 0 0 21 75 11 21 92 3 29 103 2 38 110 2 
46 118 2 55 124 4 62 132 4 71 140 4 80 146 6 88 154 6 96 162 6 104 169 8 
113 176 8 121 183 7 131 190 11 186 221 110 197 223 153 115 176 16 103 167 6 
97 161 6 90 156 6 84 150 5 77 145 5 71 140 4 65 134 4 58 129 3 53 122 3 
46 117 2 40 112 2 33 106 1 16 97 0 178 158 114 239 199 167 253 216 183 
254 217 185 254 217 187 253 218 188 253 219 190 253 219 189 253 219 189 
253 218 188 254 217 186 253 216 184 249 212 180 240 199 168 0 0 0 0 0 0 0 0 0 
0 0 0 0 0 0 0 0 0 0 0 0 0 0 0 0 0 0 0 0 0 0 0 0 0 0 0 0 0 0 0 0 0 0 0 0 0 0 0 
0 0 0 0 0 0 3 80 0 19 73 9 17 88 3 25 99 1 32 105 1 41 113 3 50 121 3 58 127 3 
66 135 5 74 143 5 83 150 5 92 157 7 100 165 7 108 172 7 116 180 9 124 186 9 
169 212 80 181 213 129 105 168 10 97 161 6 91 156 6 84 150 5 77 145 5 71 140 4 
65 134 4 58 129 3 53 122 3 46 117 2 40 112 2 33 106 1 26 101 1 20 95 0 42 95 20 
230 183 155 246 207 174 254 216 184 253 217 184 254 217 185 254 217 186 
254 217 186 254 217 185 254 216 185 254 216 184 251 213 182 241 201 169 
236 196 163 0 0 0 0 0 0 0 0 0 0 0 0 0 0 0 0 0 0 0 0 0 0 0 0 0 0 0 0 0 0 0 0 0 
0 0 0 0 0 0 0 0 0 0 0 0 0 0 0 0 0 0 0 0 0 0 0 0 17 70 10 13 84 2 20 94 0 
28 102 2 36 109 2 44 116 2 53 124 4 62 131 4 70 138 4 78 146 5 87 153 6 
95 161 6 104 167 7 112 175 8 119 182 8 154 203 59 167 204 113 98 164 8 
90 156 6 84 150 5 77 145 5 71 140 4 65 134 4 58 129 3 53 122 3 46 117 2 
40 112 2 33 106 1 26 101 1 20 95 0 14 90 0 7 76 0 172 142 110 229 188 157 
248 210 178 253 216 184 254 217 185 254 217 184 254 217 184 254 216 185 
254 216 184 253 215 182 243 203 171 215 179 149 187 166 137 0 0 0 0 0 0 0 0 0 
0 0 0 0 0 0 0 0 0 0 0 0 0 0 0 0 0 0 0 0 0 0 0 0 0 0 0 0 0 0 0 0 0 0 0 0 0 0 0 
0 0 0 0 0 0 0 0 0 18 67 11 8 80 2 14 90 0 23 97 1 32 105 1 40 112 2 48 120 3 
56 126 3 65 134 4 74 142 5 81 148 6 90 156 6 99 164 7 107 170 8 115 178 9 
143 196 45 157 198 101 91 156 7 84 150 5 77 145 5 71 140 4 65 134 4 58 129 3 
53 122 3 46 117 2 40 112 2 33 106 1 26 101 1 20 95 0 14 90 0 7 84 0 7 73 4 
104 90 57 174 136 106 231 190 159 248 211 179 253 216 184 254 217 185 
254 217 185 254 218 185 253 215 182 242 203 172 208 170 139 195 165 136 
0 0 0 0 0 0 0 0 0 0 0 0 0 0 0 0 0 0 0 0 0 0 0 0 0 0 0 0 0 0 0 0 0 0 0 0 0 0 0 
0 0 0 0 0 0 0 0 0 0 0 0 0 0 0 0 0 0 0 0 0 19 67 12 4 76 2 10 85 0 18 93 1 
26 101 1 35 107 2 43 115 3 51 123 3 60 129 4 69 137 5 77 145 5 85 151 6 
94 159 7 102 167 7 111 173 8 133 189 35 148 192 93 85 150 7 77 145 5 71 140 4 
65 134 4 58 129 3 53 122 3 46 117 2 40 112 2 33 106 1 26 101 1 20 95 0 14 90 0 
7 84 0 1 78 0 5 71 4 108 102 67 138 102 73 170 133 103 230 190 158 244 206 174 
249 211 179 249 212 180 248 210 178 239 200 169 204 166 136 153 126 98 
237 204 174 0 0 0 0 0 0 0 0 0 0 0 0 0 0 0 0 0 0 0 0 0 0 0 0 0 0 0 0 0 0 0 0 0 
0 0 0 0 0 0 0 0 0 0 0 0 0 0 0 0 0 0 0 0 0 0 0 0 0 0 0 20 66 12 3 75 2 5 82 0 
13 88 0 22 96 1 30 104 2 39 110 2 47 118 3 55 126 4 63 133 4 72 140 5 81 148 6 
89 155 6 97 163 7 105 169 8 124 183 24 138 185 83 79 145 7 71 140 4 65 134 4 
58 129 3 53 122 3 46 117 2 40 112 2 33 106 1 26 101 1 20 95 0 14 90 0 7 84 0 
1 78 0 0 77 0 6 71 4 95 98 60 183 138 109 135 101 73 166 130 100 208 165 134 
217 173 142 220 175 144 216 173 142 188 151 121 152 127 99 223 192 162 
254 219 189 0 0 0 0 0 0 0 0 0 0 0 0 0 0 0 0 0 0 0 0 0 0 0 0 0 0 0 0 0 0 0 0 0 
0 0 0 0 0 0 0 0 0 0 0 0 0 0 0 0 0 0 0 0 0 0 0 0 0 0 0 21 66 12 4 75 3 1 77 0 
9 85 0 17 91 1 25 99 1 33 107 2 42 114 3 51 121 3 59 128 3 67 136 5 75 144 5 
84 150 5 93 158 7 100 165 7 115 176 17 127 177 72 72 139 6 65 134 4 58 129 3 
53 122 3 46 117 2 40 112 2 33 106 1 26 101 1 20 95 0 14 90 0 7 84 0 1 78 0 
0 76 0 0 77 0 6 70 4 133 116 82 196 149 119 196 156 126 184 149 120 
169 138 109 166 137 109 168 142 113 176 149 121 201 171 142 232 200 171 
251 216 187 253 216 185 0 0 0 220 220 220 0 0 0 0 0 0 0 0 0 0 0 0 0 0 0 0 0 0 
0 0 0 0 0 0 0 0 0 0 0 0 0 0 0 0 0 0 0 0 0 0 0 0 0 0 0 0 0 0 0 0 0 0 0 0 22 66 13 
4 75 3 0 76 0 3 80 0 12 87 0 21 95 0 29 102 2 37 109 2 45 117 2 54 125 4 
62 131 4 71 139 4 79 147 6 88 153 6 96 161 7 109 172 15 115 169 59 66 134 6 
58 129 3 53 122 3 46 117 2 40 112 2 33 106 1 26 101 1 20 95 0 14 90 0 7 84 0 
1 78 0 0 76 0 0 77 0 0 77 0 0 65 0 232 230 230 197 150 120 208 167 137 
214 175 147 217 182 153 218 186 157 223 192 163 230 198 170 239 207 178 
249 215 186 253 218 188 232 199 174 239 241 242 0 0 0 0 0 0 0 0 0 0 0 0 0 0 0 
0 0 0 0 0 0 0 0 0 0 0 0 0 0 0 0 0 0 0 0 0 0 0 0 0 0 0 0 0 0 0 0 0 0 0 0 0 0 0 
0 0 0 23 65 14 4 74 3 0 77 0 0 77 0 7 84 0 16 90 1 24 98 1 32 106 1 41 112 3 
49 120 3 58 128 3 66 134 5 75 142 5 82 150 5 91 157 7 104 167 12 102 158 46 
59 129 4 53 122 3 46 117 2 40 112 2 33 106 1 26 101 1 20 95 0 14 90 0 7 84 0 
1 78 0 0 76 0 0 77 0 0 77 0 0 75 0 90 125 89 247 246 247 232 226 221 
204 160 129 215 180 150 218 184 155 219 188 159 225 195 166 232 201 172 
242 209 180 252 218 188 236 197 166 237 236 235 248 249 249 45 41 53 0 0 0 
0 0 0 0 0 0 0 0 0 0 0 0 0 0 0 0 0 0 0 0 0 0 0 0 0 0 0 0 0 0 0 0 0 0 0 0 0 0 0 
0 0 0 0 0 0 0 0 0 16 0 0 25 63 16 4 75 3 0 77 0 0 76 0 2 79 0 10 87 0 19 93 0 
28 101 2 36 109 2 44 115 2 52 123 3 61 131 4 70 138 4 78 145 5 86 152 6 
98 163 11 90 149 34 53 123 5 46 117 2 40 112 2 33 106 1 26 101 1 20 95 0 
14 90 0 7 84 0 1 78 0 0 76 0 0 77 0 0 76 0 0 76 0 42 88 38 120 121 119 
249 249 249 241 241 242 233 226 220 208 168 137 218 186 157 220 190 161 
227 197 168 236 204 175 247 212 183 236 196 165 237 232 230 241 241 241 
250 251 250 66 65 74 96 94 102 0 0 0 97 95 104 0 0 0 0 0 0 0 0 0 0 0 0 0 0 0 
0 0 0 0 0 0 0 0 0 0 0 0 0 0 0 0 0 0 0 0 0 0 0 0 0 0 0 37 21 0 24 62 14 
5 75 3 0 77 0 0 77 0 0 76 0 6 82 0 14 90 0 23 97 1 31 105 2 40 111 2 48 119 3 
56 126 4 64 133 4 73 141 5 81 149 5 92 157 9 77 140 24 46 118 3 40 112 2 
33 106 1 26 101 1 20 95 0 14 90 0 7 84 0 1 78 0 0 76 0 0 76 0 0 76 0 39 90 34 
86 96 79 74 76 76 101 100 106 252 252 252 243 243 243 243 244 244 238 235 232 
209 174 146 221 190 160 230 199 169 237 202 171 229 193 165 240 238 236 
243 243 244 243 243 243 245 245 245 51 49 60 77 75 84 90 88 97 96 95 102 
0 0 0 0 0 0 0 0 0 0 0 0 0 0 0 0 0 0 0 0 0 0 0 0 0 0 0 0 0 0 0 0 0 0 0 0 0 0 0 
0 0 0 31 21 0 24 58 14 7 73 4 0 77 0 0 77 0 0 76 0 1 78 0 10 86 0 18 92 1 
26 100 1 34 108 2 43 114 3 52 122 3 60 130 4 68 136 5 76 144 5 88 153 7 
65 131 15 40 112 3 33 106 1 26 101 1 20 95 0 14 90 0 7 84 0 1 78 0 0 76 0 
2 78 3 50 93 43 87 97 81 75 77 77 64 63 71 60 59 69 90 90 95 254 254 253 
244 244 244 244 244 244 244 244 245 246 247 249 226 206 189 221 189 160 
234 218 204 246 248 249 244 244 244 244 244 244 244 244 244 236 236 236 
50 48 58 61 60 70 65 63 72 78 77 86 91 90 97 97 96 104 0 0 0 0 0 0 90 89 96 
0 0 0 0 0 0 0 0 0 0 0 0 0 0 0 0 0 0 0 0 0 0 0 0 0 0 0 23 19 0 18 34 6 21 56 12 
16 70 10 3 75 2 0 77 0 0 76 0 4 81 0 13 89 0 22 95 1 29 103 2 38 111 2 
47 118 3 55 125 4 63 133 4 72 139 5 83 149 6 54 123 6 33 106 2 26 101 1 
20 95 0 14 90 0 6 83 0 0 76 0 22 85 19 67 96 59 87 90 80 71 72 74 63 60 69 
60 58 68 61 59 68 60 59 67 79 78 85 255 255 255 246 246 246 246 246 246 
247 247 247 255 255 255 140 101 102 102 6 7 165 137 137 253 255 255 
246 246 246 246 246 246 246 246 246 227 227 228 51 48 59 61 59 68 60 58 68 
61 59 69 63 62 70 74 71 80 82 81 89 95 94 101 97 96 103 0 0 0 122 122 129 
0 0 0 0 0 0 0 0 0 0 0 0 0 0 0 0 0 0 0 0 0 21 16 0 16 14 1 13 5 1 13 21 3 
19 51 11 16 71 10 3 75 2 0 77 0 8 84 0 17 92 1 25 99 1 33 106 1 42 114 3 
50 121 3 59 129 3 67 135 5 78 145 5 45 115 3 26 101 1 21 95 0 12 89 0 8 85 0 
46 93 38 84 98 76 82 84 79 62 63 66 60 60 68 60 58 67 60 59 68 60 59 68 
60 58 68 60 58 68 55 54 61 242 242 241 248 248 248 248 248 248 255 255 255 
146 124 124 131 17 17 186 32 32 119 8 8 176 171 171 252 252 252 248 248 248 
249 249 249 204 204 205 53 52 61 60 59 68 59 58 67 59 58 68 59 58 67 60 58 67 
62 61 69 64 62 70 82 80 88 91 90 97 98 96 103 0 0 0 0 0 0 83 82 91 0 0 0 0 0 0 
0 0 0 0 0 0 0 0 0 18 14 0 16 14 0 14 12 1 11 4 1 10 19 3 19 51 11 16 71 10 
6 77 2 11 87 0 20 95 0 29 102 2 37 110 2 45 116 2 53 124 4 62 132 4 73 141 4 
38 110 3 17 94 0 29 94 15 66 98 56 89 94 83 72 74 73 62 62 68 57 56 65 
56 55 64 59 58 67 60 59 67 58 57 66 59 57 67 59 58 67 59 58 67 55 55 62 
208 208 208 252 252 252 254 254 254 183 183 183 178 180 180 138 29 29 
161 28 28 153 75 75 178 181 181 205 205 205 252 252 252 255 255 255 
149 149 151 55 54 63 59 58 67 59 58 67 59 58 67 59 58 67 59 58 67 58 57 66 
54 54 62 59 58 67 63 62 70 73 73 81 88 87 94 95 94 101 101 99 106 0 0 0 80 79 86 
0 0 0 0 0 0 0 0 0 0 0 0 8 0 0 18 15 0 17 15 0 14 12 1 10 4 1 11 19 3 19 51 11 
19 74 10 17 87 3 23 97 1 32 105 1 41 113 3 49 119 3 57 127 3 68 137 4 32 104 0 
72 96 64 82 84 79 66 67 70 59 58 66 58 57 66 58 57 66 58 58 66 59 58 66 
54 53 61 57 56 65 58 57 65 59 57 66 59 58 66 57 56 65 47 47 54 212 212 212 
251 251 251 208 208 208 212 212 212 255 255 255 162 127 127 126 17 17 
212 209 209 255 255 255 199 199 199 225 225 225 237 237 237 155 155 158 
54 53 61 59 58 66 59 58 66 58 57 66 58 57 66 55 54 63 55 55 63 59 58 67 
58 57 66 58 57 66 58 57 66 60 59 68 66 65 74 83 82 89 89 88 95 0 0 0 0 0 0 
0 0 0 0 0 0 0 0 0 0 0 0 0 0 0 10 3 0 19 16 0 17 15 0 14 12 1 10 4 1 10 19 3 
21 53 11 25 79 10 27 96 3 35 108 2 44 116 2 53 123 3 62 133 4 56 96 35 
68 70 72 58 56 65 57 56 65 57 57 65 57 57 65 58 58 66 58 58 65 58 57 65 
55 54 61 58 57 65 57 56 64 58 58 65 57 57 65 57 57 65 46 46 54 239 239 240 
219 219 219 226 226 226 255 255 255 255 255 255 155 83 83 166 25 25 191 164 165 
255 255 255 255 255 255 217 217 217 225 225 225 172 172 175 55 54 62 58 57 66 
58 57 65 58 57 65 57 57 65 58 57 65 54 53 61 58 58 65 58 57 65 57 56 65 
58 57 65 58 57 65 57 57 65 55 53 60 64 64 71 72 74 79 64 63 72 0 0 0 0 0 0 
0 0 0 0 0 0 0 0 0 0 0 0 0 0 0 9 3 0 18 15 0 17 15 0 14 11 1 10 4 1 12 20 3 
23 55 11 30 83 11 37 106 4 47 120 3 56 129 0 67 79 61 58 57 65 61 60 68 
57 55 64 57 56 63 57 56 64 57 56 64 57 56 64 55 54 62 57 56 64 57 56 64 
57 56 64 57 56 64 57 56 64 57 56 64 48 47 55 225 225 225 255 255 255 
255 255 255 255 255 255 246 251 252 140 28 28 178 31 31 165 102 103 
255 255 255 255 255 255 255 255 255 255 255 255 154 153 157 55 54 62 58 56 64 
57 57 64 57 56 64 56 56 64 57 57 64 55 54 62 57 55 63 57 56 64 57 56 64 
56 56 64 57 56 64 56 55 64 49 48 55 60 59 67 69 69 76 0 0 0 0 0 0 0 0 0 0 0 0 
0 0 0 0 0 0 0 0 0 0 0 0 0 0 0 0 0 0 7 3 0 18 15 0 17 14 0 13 11 1 8 3 1 13 21 3 
25 57 11 36 88 11 49 114 7 64 61 72 55 55 63 62 62 69 55 55 63 56 55 63 
56 56 63 56 55 63 56 56 63 56 56 63 53 53 61 56 56 63 56 56 63 56 56 64 
56 55 63 56 56 63 49 50 56 203 203 204 254 254 254 253 253 253 254 254 254 
205 195 196 155 21 21 185 34 33 153 52 52 249 254 254 253 253 253 253 253 253 
255 255 255 131 131 136 54 54 63 56 56 63 56 55 63 56 56 63 55 55 63 56 56 63 
53 53 60 56 56 64 56 56 63 56 56 63 55 55 63 56 56 63 56 56 64 52 53 58 
56 56 63 65 64 72 0 0 0 0 0 0 0 0 0 0 0 0 0 0 0 0 0 0 0 0 0 0 0 0 0 0 0 0 0 0 
0 0 0 0 0 0 7 3 0 19 15 0 17 14 0 13 11 1 8 2 1 13 21 2 37 58 29 59 59 66 
55 55 62 61 60 67 55 55 62 55 55 62 55 55 62 55 55 63 56 56 63 56 55 63 
53 53 60 55 55 62 55 55 62 55 55 62 55 55 63 55 55 63 51 51 58 177 178 179 
250 250 250 249 249 249 250 251 251 170 134 135 170 29 29 192 35 35 153 20 20 
231 236 236 250 250 250 249 249 249 255 255 255 107 106 113 54 54 62 55 56 63 
56 56 62 55 55 62 55 55 62 56 55 63 53 52 59 55 55 63 56 55 63 56 55 63 
55 55 62 55 55 62 54 54 60 55 54 60 56 56 63 61 59 68 63 66 69 0 0 0 0 0 0 
0 0 0 0 0 0 0 0 0 0 0 0 0 0 0 0 0 0 0 0 0 0 0 0 0 0 0 0 0 0 0 0 0 7 3 0 19 14 0 
16 14 0 13 10 0 44 44 46 56 56 63 55 54 62 56 56 63 57 57 63 54 54 61 55 55 62 
55 54 61 55 55 62 55 55 62 52 52 59 54 54 61 54 54 61 55 55 62 54 54 61 
55 54 61 53 53 60 151 152 153 248 248 248 246 246 246 246 248 248 147 83 83 
174 32 32 196 35 35 172 25 25 195 182 183 247 247 247 246 246 246 255 255 255 
82 81 89 54 54 61 55 55 62 56 55 62 55 54 61 55 55 61 53 53 59 54 54 61 
55 55 61 54 54 61 54 54 61 55 55 61 55 54 61 53 53 59 55 55 62 55 55 62 
57 57 64 59 59 66 0 0 0 0 0 0 0 0 0 0 0 0 0 0 0 0 0 0 0 0 0 0 0 0 0 0 0 0 0 0 
0 0 0 0 0 0 0 0 0 0 0 0 0 0 0 7 2 0 8 3 0 55 56 59 55 55 61 54 54 60 54 54 60 
57 57 63 54 54 61 54 54 60 54 55 61 54 54 61 54 54 60 54 54 61 51 52 58 
54 54 61 54 54 61 54 54 60 54 54 61 54 54 60 124 125 126 246 246 246 
242 242 242 238 242 243 132 42 41 175 33 33 196 35 35 182 31 31 170 134 134 
243 244 244 241 241 241 255 255 255 55 54 62 54 55 61 54 54 61 54 55 61 
54 54 60 54 54 60 52 52 57 54 54 60 54 55 61 54 54 61 54 54 60 53 54 61 
54 54 60 53 53 59 54 55 61 54 54 61 55 55 61 55 56 62 0 0 0 0 0 0 0 0 0 0 0 0 
0 0 0 0 0 0 0 0 0 0 0 0 0 0 0 0 0 0 0 0 0 0 0 0 0 0 0 0 0 0 0 0 0 0 0 0 0 0 0 
50 50 57 52 52 58 53 53 60 53 53 60 55 55 62 53 53 59 54 54 60 53 53 60 
53 52 59 54 53 59 53 53 60 51 51 57 53 54 60 53 53 60 53 54 60 53 53 59 
53 53 59 96 97 99 247 247 247 239 239 239 221 225 226 129 17 17 177 34 34 
194 34 34 183 33 33 155 92 92 240 241 241 239 239 239 241 241 241 42 42 49 
53 53 60 53 54 60 53 53 59 53 53 59 54 54 60 51 51 57 53 53 60 53 53 59 
53 53 59 53 53 60 54 54 60 53 53 59 53 53 59 53 53 60 53 53 59 52 52 58 
48 48 53 0 0 0 0 0 0 0 0 0 0 0 0 0 0 0 0 0 0 0 0 0 0 0 0 0 0 0 0 0 0 0 0 0 
0 0 0 0 0 0 0 0 0 0 0 0 0 0 0 2 3 2 33 35 39 44 45 50 49 50 55 51 52 58 
54 54 59 53 53 59 52 52 58 52 53 58 53 53 59 53 53 59 52 53 58 52 52 58 
51 52 57 52 53 59 53 53 59 52 53 59 51 52 59 67 69 71 247 247 247 236 236 236 
189 180 181 140 22 22 177 33 33 191 35 35 183 33 33 144 55 56 233 236 236 
236 236 236 210 210 210 46 46 52 52 53 59 52 53 59 52 53 59 53 53 59 50 50 56 
52 53 59 52 53 59 53 53 59 52 53 59 52 52 58 53 53 59 53 53 59 51 52 58 
51 52 57 48 48 53 44 44 49 26 26 30 0 0 0 0 0 0 0 0 0 0 0 0 0 0 0 0 0 0 0 0 0 
0 0 0 0 0 0 0 0 0 0 0 0 0 0 0 0 0 0 0 0 0 0 0 0 0 0 0 0 0 0 10 10 12 24 24 27 
36 36 40 43 43 48 47 48 53 50 50 56 51 52 57 52 52 58 51 52 57 52 53 58 
52 53 58 52 53 58 49 49 54 52 52 58 51 52 57 52 53 58 52 52 58 43 45 48 
239 239 239 232 233 233 161 138 139 149 27 27 176 33 33 189 35 35 180 34 34 
138 25 25 223 228 229 232 232 232 176 176 178 48 48 55 52 52 58 52 53 58 
51 52 57 52 53 58 49 50 55 51 52 58 52 52 57 52 52 57 52 53 58 52 52 58 
51 51 57 49 51 56 45 46 51 41 42 46 34 34 37 20 20 23 9 10 11 0 0 0 0 0 0 
0 0 0 0 0 0 0 0 0 0 0 0 0 0 0 0 0 0 0 0 0 0 0 0 0 0 0 0 0 0 0 0 0 0 0 0 0 0 0 
0 0 0 1 1 2 0 0 0 7 7 7 11 11 13 22 22 24 32 32 35 38 39 43 43 43 47 46 46 51 
48 48 53 50 50 55 50 51 56 51 51 56 49 49 55 51 52 57 51 52 58 51 52 57 
51 52 57 46 47 50 207 208 207 229 230 230 140 105 105 153 29 29 175 33 33 
186 34 34 180 34 34 145 19 19 199 198 199 231 231 231 144 144 146 50 51 56 
51 52 57 51 52 57 51 51 57 49 50 56 50 50 56 51 51 56 51 51 57 49 50 55 
48 48 53 45 45 50 41 42 46 37 37 41 29 29 33 18 18 21 10 11 12 4 4 4 0 0 0 
0 0 0 0 0 0 0 0 0 0 0 0 0 0 0 0 0 0 0 0 0 0 0 0 0 0 0 0 0 0 0 0 0 0 0 0 0 0 0 
0 0 0 0 0 0 0 0 0 0 0 0 0 0 0 0 0 0 0 0 0 3 4 4 9 9 11 12 13 14 22 22 25 
28 29 32 33 34 38 37 38 42 40 41 45 42 43 46 43 44 48 41 42 46 46 46 50 
46 47 51 47 48 52 44 46 49 159 160 159 212 212 212 117 69 69 144 28 29 
164 31 32 172 33 33 167 32 32 146 24 24 162 149 149 216 216 216 101 103 105 
47 47 52 46 48 52 46 47 52 46 46 51 42 43 47 43 45 48 41 42 46 40 40 45 
36 37 40 32 33 36 27 28 31 20 20 23 11 11 13 8 9 10 1 1 1 0 0 0 0 0 0 0 0 0 
0 0 0 0 0 0 0 0 0 0 0 0 0 0 0 0 0 0 0 0 0 0 0 0 0 0 0 0 0 0 0 0 0 0 0 0 0 0 0 
0 0 0 0 0 0 0 0 0 0 0 0 0 0 0 0 0 0 0 0 0 0 0 0 0 0 0 0 0 0 3 4 4 8 8 9 10 10 12 
12 12 14 17 17 19 22 23 25 25 26 28 27 27 30 30 32 33 30 31 34 31 33 36 
32 33 36 69 71 72 107 108 109 61 35 36 78 27 29 87 28 29 90 28 29 88 28 29 
80 26 27 79 68 69 111 112 113 44 44 47 33 32 36 32 33 36 31 31 34 29 30 33 
26 27 30 25 25 28 21 22 24 15 15 17 11 12 13 9 10 11 7 8 8 1 1 1 0 0 0 0 0 0 
0 0 0 0 0 0 0 0 0 0 0 0 0 0 0 0 0 0 0 0 0 0 0 0 0 0 0 0 0 0 0 0 0 0 0 0 0 0 0 
0 0 0 0 0 0 0 0 0 0 0 0 0 0 0 0 0 0 0 0 0 0 0 0 0 0 0 0 0 0 0 0 0 0 0 0 0 0 0 
0 0 0 0 0 0 0 0 0 0 0 0 0 0 0 0 0 0 2 2 3 6 6 6 8 8 8 9 9 10 9 9 10 9 10 10 
10 10 11 7 7 8 2 3 3 8 11 12 7 11 13 6 11 13 5 11 13 6 11 13 6 11 13 6 7 9 
2 2 3 9 10 10 10 10 12 10 10 11 9 9 10 9 9 10 7 7 8 5 5 6 2 2 2 0 0 0 0 0 0 
0 0 0 0 0 0 0 0 0 0 0 0 0 0 0 0 0 0 0 0 0 0 0 0 0 0 0 
